186
393
394
395
399
400
401
405
406
407
408
409
410
411
412
413
414
415
416
417
418
419
420
421
422
423
424
425
426
427
428
432
433
434
441
442
443
444
445
446
696
697
698
909
910
911
918
919
920
921
922
923
924
925
926
927
928
929
930
931
932
936
937
938
939
940
941
942
943
944
945
946
947
954
955
956
957
958
959
960
961
962
963
964
965
1884
1885
1886
1989
1990
1991
2331
2332
2333
2349
2350
2351
2352
2353
2354
2523
2524
2525
2634
2635
2636
2742
2743
2744
2817
2818
2819
2820
2821
2822
3015
3016
3017
3156
3157
3158
3210
3211
3212
3213
3214
3215
3216
3217
3218
3249
3250
3251
3276
3277
3278
3282
3283
3284
3285
3286
3287
3423
3424
3425
3567
3568
3569
3606
3607
3608
3702
3703
3704
3705
3706
3707
3753
3754
3755
3756
3757
3758
3759
3760
3761
3885
3886
3887
4575
4576
4577
4605
4606
4607
4716
4717
4718
4743
4744
4745
4785
4786
4787
5325
5326
5327
