357
6
7
8
9
10
11
18
19
20
21
22
23
87
88
89
90
91
92
93
94
95
96
97
98
99
100
101
102
103
104
105
106
107
108
109
110
111
112
113
114
115
116
117
118
119
120
121
122
123
124
125
126
127
128
129
130
131
132
133
134
135
136
137
138
139
140
141
142
143
144
145
146
147
148
149
150
151
152
153
154
155
156
157
158
159
160
161
162
163
164
165
166
167
168
169
170
423
424
425
426
427
428
429
430
431
432
433
434
435
436
437
438
439
440
441
442
443
444
445
446
447
448
449
450
451
452
453
454
455
456
457
458
459
460
461
462
463
464
465
466
467
468
469
470
471
472
473
474
475
476
477
478
479
480
481
482
483
484
485
486
487
488
489
490
491
492
493
494
495
496
497
498
499
500
501
502
503
504
505
506
507
508
509
510
511
512
513
514
515
516
517
518
519
520
521
522
523
524
525
526
527
528
529
530
531
532
533
534
535
536
537
538
539
540
541
542
543
544
545
546
547
548
549
550
551
552
553
554
555
556
557
558
559
560
561
562
563
564
565
566
567
568
569
1161
1162
1163
1173
1174
1175
1188
1189
1190
1203
1204
1205
1206
1207
1208
1221
1222
1223
1251
1252
1253
1266
1267
1268
1311
1312
1313
1416
1417
1418
1434
1435
1436
1482
1483
1484
1506
1507
1508
1509
1510
1511
1539
1540
1541
1599
1600
1601
1623
1624
1625
1635
1636
1637
1782
1783
1784
1791
1792
1793
1857
1858
1859
1860
1861
1862
1905
1906
1907
1920
1921
1922
1980
1981
1982
2028
2029
2030
2094
2095
2096
2112
2113
2114
2211
2212
2213
2217
2218
2219
2487
2488
2489
2580
2581
2582
2610
2611
2612
2931
2932
2933
2958
2959
2960
3048
3049
3050
3279
3280
3281
4551
4552
4553
