156
0
1
2
6
7
8
9
10
11
12
13
14
21
22
23
48
49
50
51
52
53
66
67
68
81
82
83
96
97
98
114
115
116
120
121
122
123
124
125
372
373
374
405
406
407
426
427
428
492
493
494
501
502
503
666
667
668
720
721
722
756
757
758
759
760
761
789
790
791
819
820
821
906
907
908
918
919
920
924
925
926
969
970
971
1011
1012
1013
1107
1108
1109
1134
1135
1136
1152
1153
1154
1167
1168
1169
1170
1171
1172
1389
1390
1391
1404
1405
1406
1410
1411
1412
1413
1414
1415
1416
1417
1418
1419
1420
1421
1458
1459
1460
1461
1462
1463
1464
1465
1466
1629
1630
1631
1734
1735
1736
1878
1879
1880
1959
1960
1961
1974
1975
1976
1980
1981
1982
1992
1993
1994
1998
1999
2000
2046
2047
2048
